1	499	3	-1	8	9	2	-1	-1	-1	496	497	500	-1	-1
2	500	0	1	9	10	3	-1	-1	499	497	498	501	-1	-1
3	501	7	2	10	11	4	-1	-1	500	498	511	533	-1	-1
4	533	7	3	11	12	5	-1	-1	501	511	530	532	-1	-1
5	532	0	4	12	13	6	-1	-1	533	530	529	531	-1	-1
6	531	6	5	13	14	-1	-1	-1	532	529	528	-1	-1	-1
7	479	3	-1	17	18	8	-1	-1	-1	474	475	496	-1	-1
8	496	0	7	18	19	9	1	-1	479	475	476	497	499	-1
9	497	0	8	19	20	10	2	1	496	476	477	498	500	499
10	498	0	9	20	21	11	3	2	497	477	478	511	501	500
11	511	0	10	21	22	12	4	3	498	478	574	530	533	501
12	530	0	11	22	23	13	5	4	511	574	573	529	532	533
13	529	0	12	23	24	14	6	5	530	573	572	528	531	532
14	528	0	13	24	25	15	-1	6	529	572	571	575	-1	531
15	575	6	14	25	26	-1	-1	-1	528	571	570	-1	-1	-1
16	473	3	-1	29	30	17	-1	-1	-1	467	468	474	-1	-1
17	474	0	16	30	31	18	7	-1	473	468	469	475	479	-1
18	475	0	17	31	32	19	8	7	474	469	470	476	496	479
19	476	0	18	32	33	20	9	8	475	470	471	477	497	496
20	477	0	19	33	34	21	10	9	476	471	472	478	498	497
21	478	0	20	34	35	22	11	10	477	472	510	574	511	498
22	574	0	21	35	36	23	12	11	478	510	568	573	530	511
23	573	0	22	36	37	24	13	12	574	568	567	572	529	530
24	572	0	23	37	38	25	14	13	573	567	566	571	528	529
25	571	0	24	38	39	26	15	14	572	566	565	570	575	528
26	570	0	25	39	40	27	-1	15	571	565	564	569	-1	575
27	569	6	26	40	41	-1	-1	-1	570	564	563	-1	-1	-1
28	466	3	-1	44	45	29	-1	-1	-1	442	443	467	-1	-1
29	467	0	28	45	46	30	16	-1	466	443	444	468	473	-1
30	468	0	29	46	47	31	17	16	467	444	445	469	474	473
31	469	0	30	47	48	32	18	17	468	445	446	470	475	474
32	470	0	31	48	49	33	19	18	469	446	447	471	476	475
33	471	0	32	49	50	34	20	19	470	447	464	472	477	476
34	472	0	33	50	51	35	21	20	471	464	465	510	478	477
35	510	0	34	51	52	36	22	21	472	465	561	568	574	478
36	568	0	35	52	53	37	23	22	510	561	560	567	573	574
37	567	0	36	53	54	38	24	23	568	560	607	566	572	573
38	566	0	37	54	55	39	25	24	567	607	606	565	571	572
39	565	0	38	55	56	40	26	25	566	606	605	564	570	571
40	564	0	39	56	57	41	27	26	565	605	604	563	569	570
41	563	0	40	57	58	42	-1	27	564	604	603	562	-1	569
42	562	6	41	58	59	-1	-1	-1	563	603	602	-1	-1	-1
43	441	3	-1	62	63	44	-1	-1	-1	432	433	442	-1	-1
44	442	0	43	63	64	45	28	-1	441	433	434	443	466	-1
45	443	0	44	64	65	46	29	28	442	434	435	444	467	466
46	444	0	45	65	66	47	30	29	443	435	436	445	468	467
47	445	0	46	66	67	48	31	30	444	436	437	446	469	468
48	446	0	47	67	68	49	32	31	445	437	438	447	470	469
49	447	0	48	68	69	50	33	32	446	438	439	464	471	470
50	464	0	49	69	70	51	34	33	447	439	440	465	472	471
51	465	0	50	70	71	52	35	34	464	440	509	561	510	472
52	561	0	51	71	72	53	36	35	465	509	600	560	568	510
53	560	0	52	72	73	54	37	36	561	600	599	607	567	568
54	607	0	53	73	74	55	38	37	560	599	598	606	566	567
55	606	0	54	74	75	56	39	38	607	598	597	605	565	566
56	605	0	55	75	76	57	40	39	606	597	596	604	564	565
57	604	0	56	76	77	58	41	40	605	596	595	603	563	564
58	603	0	57	77	78	59	42	41	604	595	594	602	562	563
59	602	0	58	78	79	60	-1	42	603	594	593	601	-1	562
60	601	6	59	79	80	-1	-1	-1	602	593	592	-1	-1	-1
61	415	3	-1	83	84	62	-1	-1	-1	404	405	432	-1	-1
62	432	0	61	84	85	63	43	-1	415	405	406	433	441	-1
63	433	0	62	85	86	64	44	43	432	406	407	434	442	441
64	434	0	63	86	87	65	45	44	433	407	408	435	443	442
65	435	0	64	87	88	66	46	45	434	408	409	436	444	443
66	436	0	65	88	89	67	47	46	435	409	410	437	445	444
67	437	0	66	89	90	68	48	47	436	410	411	438	446	445
68	438	0	67	90	91	69	49	48	437	411	412	439	447	446
69	439	0	68	91	92	70	50	49	438	412	413	440	464	447
70	440	0	69	92	93	71	51	50	439	413	414	509	465	464
71	509	0	70	93	94	72	52	51	440	414	638	600	561	465
72	600	0	71	94	95	73	53	52	509	638	637	599	560	561
73	599	0	72	95	96	74	54	53	600	637	636	598	607	560
74	598	0	73	96	97	75	55	54	599	636	635	597	606	607
75	597	0	74	97	98	76	56	55	598	635	634	596	605	606
76	596	0	75	98	99	77	57	56	597	634	633	595	604	605
77	595	0	76	99	100	78	58	57	596	633	632	594	603	604
78	594	0	77	100	101	79	59	58	595	632	631	593	602	603
79	593	0	78	101	102	80	60	59	594	631	630	592	601	602
80	592	0	79	102	103	81	-1	60	593	630	629	639	-1	601
81	639	6	80	103	104	-1	-1	-1	592	629	628	-1	-1	-1
82	403	3	-1	107	108	83	-1	-1	-1	375	376	404	-1	-1
83	404	0	82	108	109	84	61	-1	403	376	377	405	415	-1
84	405	0	83	109	110	85	62	61	404	377	378	406	432	415
85	406	0	84	110	111	86	63	62	405	378	379	407	433	432
86	407	0	85	111	112	87	64	63	406	379	380	408	434	433
87	408	0	86	112	113	88	65	64	407	380	381	409	435	434
88	409	0	87	113	114	89	66	65	408	381	382	410	436	435
89	410	0	88	114	115	90	67	66	409	382	383	411	437	436
90	411	0	89	115	116	91	68	67	410	383	400	412	438	437
91	412	0	90	116	117	92	69	68	411	400	401	413	439	438
92	413	0	91	117	118	93	70	69	412	401	402	414	440	439
93	414	0	92	118	119	94	71	70	413	402	543	638	509	440
94	638	0	93	119	120	95	72	71	414	543	626	637	600	509
95	637	0	94	120	121	96	73	72	638	626	625	636	599	600
96	636	0	95	121	122	97	74	73	637	625	624	635	598	599
97	635	0	96	122	123	98	75	74	636	624	671	634	597	598
98	634	0	97	123	124	99	76	75	635	671	670	633	596	597
99	633	0	98	124	125	100	77	76	634	670	669	632	595	596
100	632	0	99	125	126	101	78	77	633	669	668	631	594	595
101	631	0	100	126	127	102	79	78	632	668	667	630	593	594
102	630	0	101	127	128	103	80	79	631	667	666	629	592	593
103	629	0	102	128	129	104	81	80	630	666	665	628	639	592
104	628	0	103	129	130	105	-1	81	629	665	664	627	-1	639
105	627	6	104	130	131	-1	-1	-1	628	664	663	-1	-1	-1
106	374	3	-1	133	134	107	-1	-1	-1	344	345	375	-1	-1
107	375	0	106	134	135	108	82	-1	374	345	346	376	403	-1
108	376	0	107	135	136	109	83	82	375	346	347	377	404	403
109	377	0	108	136	137	110	84	83	376	347	348	378	405	404
110	378	0	109	137	138	111	85	84	377	348	349	379	406	405
111	379	0	110	138	139	112	86	85	378	349	350	380	407	406
112	380	0	111	139	140	113	87	86	379	350	351	381	408	407
113	381	0	112	140	141	114	88	87	380	351	368	382	409	408
114	382	0	113	141	142	115	89	88	381	368	369	383	410	409
115	383	0	114	142	143	116	90	89	382	369	370	400	411	410
116	400	0	115	143	144	117	91	90	383	370	371	401	412	411
117	401	0	116	144	145	118	92	91	400	371	372	402	413	412
118	402	0	117	145	146	119	93	92	401	372	373	543	414	413
119	543	0	118	146	147	120	94	93	402	373	661	626	638	414
120	626	0	119	147	148	121	95	94	543	661	660	625	637	638
121	625	0	120	148	149	122	96	95	626	660	659	624	636	637
122	624	0	121	149	150	123	97	96	625	659	658	671	635	636
123	671	0	122	150	151	124	98	97	624	658	657	670	634	635
124	670	0	123	151	152	125	99	98	671	657	656	669	633	634
125	669	0	124	152	153	126	100	99	670	656	703	668	632	633
126	668	0	125	153	154	127	101	100	669	703	702	667	631	632
127	667	0	126	154	155	128	102	101	668	702	701	666	630	631
128	666	0	127	155	156	129	103	102	667	701	700	665	629	630
129	665	0	128	156	157	130	104	103	666	700	699	664	628	629
130	664	0	129	157	158	131	105	104	665	699	698	663	627	628
131	663	0	130	158	159	132	-1	105	664	698	697	662	-1	627
132	662	6	131	159	160	-1	-1	-1	663	697	696	-1	-1	-1
133	344	0	-1	161	162	134	106	-1	-1	314	315	345	374	-1
134	345	0	133	162	163	135	107	106	344	315	316	346	375	374
135	346	0	134	163	164	136	108	107	345	316	317	347	376	375
136	347	0	135	164	165	137	109	108	346	317	318	348	377	376
137	348	0	136	165	166	138	110	109	347	318	319	349	378	377
138	349	0	137	166	167	139	111	110	348	319	336	350	379	378
139	350	0	138	167	168	140	112	111	349	336	337	351	380	379
140	351	0	139	168	169	141	113	112	350	337	338	368	381	380
141	368	0	140	169	170	142	114	113	351	338	339	369	382	381
142	369	0	141	170	171	143	115	114	368	339	340	370	383	382
143	370	0	142	171	172	144	116	115	369	340	341	371	400	383
144	371	0	143	172	173	145	117	116	370	341	342	372	401	400
145	372	0	144	173	174	146	118	117	371	342	343	373	402	401
146	373	0	145	174	175	147	119	118	372	343	542	661	543	402
147	661	0	146	175	176	148	120	119	373	542	695	660	626	543
148	660	0	147	176	177	149	121	120	661	695	694	659	625	626
149	659	0	148	177	178	150	122	121	660	694	693	658	624	625
150	658	0	149	178	179	151	123	122	659	693	692	657	671	624
151	657	0	150	179	180	152	124	123	658	692	691	656	670	671
152	656	0	151	180	181	153	125	124	657	691	690	703	669	670
153	703	0	152	181	182	154	126	125	656	690	689	702	668	669
154	702	0	153	182	183	155	127	126	703	689	688	701	667	668
155	701	0	154	183	184	156	128	127	702	688	735	700	666	667
156	700	0	155	184	185	157	129	128	701	735	734	699	665	666
157	699	0	156	185	186	158	130	129	700	734	733	698	664	665
158	698	0	157	186	187	159	131	130	699	733	732	697	663	664
159	697	0	158	187	188	160	132	131	698	732	731	696	662	663
160	696	0	159	188	189	-1	-1	132	697	731	730	-1	-1	662
161	314	8	-1	190	191	162	133	-1	-1	279	280	315	344	-1
162	315	0	161	191	192	163	134	133	314	280	281	316	345	344
163	316	0	162	192	193	164	135	134	315	281	282	317	346	345
164	317	0	163	193	194	165	136	135	316	282	283	318	347	346
165	318	0	164	194	195	166	137	136	317	283	304	319	348	347
166	319	0	165	195	196	167	138	137	318	304	305	336	349	348
167	336	0	166	196	197	168	139	138	319	305	306	337	350	349
168	337	0	167	197	198	169	140	139	336	306	307	338	351	350
169	338	0	168	198	199	170	141	140	337	307	308	339	368	351
170	339	0	169	199	200	171	142	141	338	308	309	340	369	368
171	340	0	170	200	201	172	143	142	339	309	310	341	370	369
172	341	0	171	201	202	173	144	143	340	310	311	342	371	370
173	342	0	172	202	203	174	145	144	341	311	312	343	372	371
174	343	0	173	203	204	175	146	145	342	312	313	542	373	372
175	542	0	174	204	205	176	147	146	343	313	729	695	661	373
176	695	0	175	205	206	177	148	147	542	729	728	694	660	661
177	694	0	176	206	207	178	149	148	695	728	727	693	659	660
178	693	0	177	207	208	179	150	149	694	727	726	692	658	659
179	692	0	178	208	209	180	151	150	693	726	725	691	657	658
180	691	0	179	209	210	181	152	151	692	725	724	690	656	657
181	690	0	180	210	211	182	153	152	691	724	723	689	703	656
182	689	0	181	211	212	183	154	153	690	723	722	688	702	703
183	688	0	182	212	213	184	155	154	689	722	721	735	701	702
184	735	0	183	213	214	185	156	155	688	721	720	734	700	701
185	734	0	184	214	215	186	157	156	735	720	763	733	699	700
186	733	0	185	215	216	187	158	157	734	763	762	732	698	699
187	732	0	186	216	217	188	159	158	733	762	761	731	697	698
188	731	0	187	217	218	189	160	159	732	761	760	730	696	697
189	730	12	188	218	219	-1	-1	160	731	760	759	-1	-1	696
190	279	8	-1	220	221	191	161	-1	-1	244	245	280	314	-1
191	280	0	190	221	222	192	162	161	279	245	246	281	315	314
192	281	0	191	222	223	193	163	162	280	246	247	282	316	315
193	282	0	192	223	224	194	164	163	281	247	248	283	317	316
194	283	0	193	224	225	195	165	164	282	248	249	304	318	317
195	304	0	194	225	226	196	166	165	283	249	250	305	319	318
196	305	0	195	226	227	197	167	166	304	250	251	306	336	319
197	306	0	196	227	228	198	168	167	305	251	252	307	337	336
198	307	0	197	228	229	199	169	168	306	252	253	308	338	337
199	308	0	198	229	230	200	170	169	307	253	254	309	339	338
200	309	0	199	230	231	201	171	170	308	254	255	310	340	339
201	310	0	200	231	232	202	172	171	309	255	272	311	341	340
202	311	0	201	232	233	203	173	172	310	272	273	312	342	341
203	312	0	202	233	234	204	174	173	311	273	274	313	343	342
204	313	0	203	234	235	205	175	174	312	274	541	729	542	343
205	729	0	204	235	236	206	176	175	313	541	754	728	695	542
206	728	0	205	236	237	207	177	176	729	754	753	727	694	695
207	727	0	206	237	238	208	178	177	728	753	752	726	693	694
208	726	0	207	238	239	209	179	178	727	752	799	725	692	693
209	725	0	208	239	240	210	180	179	726	799	798	724	691	692
210	724	0	209	240	241	211	181	180	725	798	797	723	690	691
211	723	0	210	241	242	212	182	181	724	797	796	722	689	690
212	722	0	211	242	243	213	183	182	723	796	795	721	688	689
213	721	0	212	243	244	214	184	183	722	795	794	720	735	688
214	720	0	213	244	245	215	185	184	721	794	793	763	734	735
215	763	0	214	245	246	216	186	185	720	793	792	762	733	734
216	762	0	215	246	247	217	187	186	763	792	791	761	732	733
217	761	0	216	247	248	218	188	187	762	791	790	760	731	732
218	760	0	217	248	249	219	189	188	761	790	789	759	730	731
219	759	12	218	249	250	-1	-1	189	760	789	788	-1	-1	730
220	244	0	-1	251	252	221	190	-1	-1	213	214	245	279	-1
221	245	0	220	252	253	222	191	190	244	214	215	246	280	279
222	246	0	221	253	254	223	192	191	245	215	216	247	281	280
223	247	0	222	254	255	224	193	192	246	216	217	248	282	281
224	248	0	223	255	256	225	194	193	247	217	218	249	283	282
225	249	0	224	256	257	226	195	194	248	218	219	250	304	283
226	250	0	225	257	258	227	196	195	249	219	220	251	305	304
227	251	0	226	258	259	228	197	196	250	220	221	252	306	305
228	252	0	227	259	260	229	198	197	251	221	222	253	307	306
229	253	0	228	260	261	230	199	198	252	222	223	254	308	307
230	254	0	229	261	262	231	200	199	253	223	240	255	309	308
231	255	0	230	262	263	232	201	200	254	240	241	272	310	309
232	272	0	231	263	264	233	202	201	255	241	242	273	311	310
233	273	0	232	264	265	234	203	202	272	242	243	274	312	311
234	274	0	233	265	266	235	204	203	273	243	508	541	313	312
235	541	0	234	266	267	236	205	204	274	508	540	754	729	313
236	754	0	235	267	268	237	206	205	541	540	787	753	728	729
237	753	0	236	268	269	238	207	206	754	787	786	752	727	728
238	752	0	237	269	270	239	208	207	753	786	785	799	726	727
239	799	0	238	270	271	240	209	208	752	785	784	798	725	726
240	798	0	239	271	272	241	210	209	799	784	831	797	724	725
241	797	0	240	272	273	242	211	210	798	831	830	796	723	724
242	796	0	241	273	274	243	212	211	797	830	829	795	722	723
243	795	0	242	274	275	244	213	212	796	829	828	794	721	722
244	794	0	243	275	276	245	214	213	795	828	827	793	720	721
245	793	0	244	276	277	246	215	214	794	827	826	792	763	720
246	792	0	245	277	278	247	216	215	793	826	825	791	762	763
247	791	0	246	278	279	248	217	216	792	825	824	790	761	762
248	790	0	247	279	280	249	218	217	791	824	823	789	760	761
249	789	0	248	280	281	250	219	218	790	823	822	788	759	760
250	788	0	249	281	282	-1	-1	219	789	822	821	-1	-1	759
251	213	2	-1	-1	283	252	220	-1	-1	-1	182	214	244	-1
252	214	0	251	283	284	253	221	220	213	182	183	215	245	244
253	215	0	252	284	285	254	222	221	214	183	184	216	246	245
254	216	0	253	285	286	255	223	222	215	184	185	217	247	246
255	217	0	254	286	287	256	224	223	216	185	186	218	248	247
256	218	0	255	287	288	257	225	224	217	186	187	219	249	248
257	219	0	256	288	289	258	226	225	218	187	188	220	250	249
258	220	0	257	289	290	259	227	226	219	188	189	221	251	250
259	221	0	258	290	291	260	228	227	220	189	190	222	252	251
260	222	0	259	291	292	261	229	228	221	190	191	223	253	252
261	223	0	260	292	293	262	230	229	222	191	208	240	254	253
262	240	0	261	293	294	263	231	230	223	208	209	241	255	254
263	241	0	262	294	295	264	232	231	240	209	210	242	272	255
264	242	0	263	295	296	265	233	232	241	210	211	243	273	272
265	243	0	264	296	297	266	234	233	242	211	212	508	274	273
266	508	0	265	297	298	267	235	234	243	212	539	540	541	274
267	540	0	266	298	299	268	236	235	508	539	820	787	754	541
268	787	0	267	299	300	269	237	236	540	820	819	786	753	754
269	786	0	268	300	301	270	238	237	787	819	818	785	752	753
270	785	0	269	301	302	271	239	238	786	818	817	784	799	752
271	784	0	270	302	303	272	240	239	785	817	816	831	798	799
272	831	0	271	303	304	273	241	240	784	816	863	830	797	798
273	830	0	272	304	305	274	242	241	831	863	862	829	796	797
274	829	0	273	305	306	275	243	242	830	862	861	828	795	796
275	828	0	274	306	307	276	244	243	829	861	860	827	794	795
276	827	0	275	307	308	277	245	244	828	860	859	826	793	794
277	826	0	276	308	309	278	246	245	827	859	858	825	792	793
278	825	0	277	309	310	279	247	246	826	858	857	824	791	792
279	824	0	278	310	311	280	248	247	825	857	856	823	790	791
280	823	0	279	311	312	281	249	248	824	856	855	822	789	790
281	822	0	280	312	313	282	250	249	823	855	854	821	788	789
282	821	1	281	313	-1	-1	-1	250	822	854	-1	-1	-1	788
283	182	0	-1	314	315	284	252	251	-1	151	152	183	214	213
284	183	0	283	315	316	285	253	252	182	152	153	184	215	214
285	184	0	284	316	317	286	254	253	183	153	154	185	216	215
286	185	0	285	317	318	287	255	254	184	154	155	186	217	216
287	186	0	286	318	319	288	256	255	185	155	156	187	218	217
288	187	0	287	319	320	289	257	256	186	156	157	188	219	218
289	188	0	288	320	321	290	258	257	187	157	158	189	220	219
290	189	0	289	321	322	291	259	258	188	158	159	190	221	220
291	190	0	290	322	323	292	260	259	189	159	176	191	222	221
292	191	0	291	323	324	293	261	260	190	176	177	208	223	222
293	208	0	292	324	325	294	262	261	191	177	178	209	240	223
294	209	0	293	325	326	295	263	262	208	178	179	210	241	240
295	210	0	294	326	327	296	264	263	209	179	180	211	242	241
296	211	0	295	327	328	297	265	264	210	180	181	212	243	242
297	212	0	296	328	329	298	266	265	211	181	507	539	508	243
298	539	0	297	329	330	299	267	266	212	507	538	820	540	508
299	820	0	298	330	331	300	268	267	539	538	853	819	787	540
300	819	0	299	331	332	301	269	268	820	853	852	818	786	787
301	818	0	300	332	333	302	270	269	819	852	851	817	785	786
302	817	0	301	333	334	303	271	270	818	851	850	816	784	785
303	816	0	302	334	335	304	272	271	817	850	849	863	831	784
304	863	0	303	335	336	305	273	272	816	849	848	862	830	831
305	862	0	304	336	337	306	274	273	863	848	895	861	829	830
306	861	0	305	337	338	307	275	274	862	895	894	860	828	829
307	860	0	306	338	339	308	276	275	861	894	893	859	827	828
308	859	0	307	339	340	309	277	276	860	893	892	858	826	827
309	858	0	308	340	341	310	278	277	859	892	891	857	825	826
310	857	0	309	341	342	311	279	278	858	891	890	856	824	825
311	856	0	310	342	343	312	280	279	857	890	889	855	823	824
312	855	0	311	343	344	313	281	280	856	889	888	854	822	823
313	854	0	312	344	345	-1	282	281	855	888	887	-1	821	822
314	151	2	-1	-1	346	315	283	-1	-1	-1	121	152	182	-1
315	152	0	314	346	347	316	284	283	151	121	122	153	183	182
316	153	0	315	347	348	317	285	284	152	122	123	154	184	183
317	154	0	316	348	349	318	286	285	153	123	124	155	185	184
318	155	0	317	349	350	319	287	286	154	124	125	156	186	185
319	156	0	318	350	351	320	288	287	155	125	126	157	187	186
320	157	0	319	351	352	321	289	288	156	126	127	158	188	187
321	158	0	320	352	353	322	290	289	157	127	144	159	189	188
322	159	0	321	353	354	323	291	290	158	144	145	176	190	189
323	176	0	322	354	355	324	292	291	159	145	146	177	191	190
324	177	0	323	355	356	325	293	292	176	146	147	178	208	191
325	178	0	324	356	357	326	294	293	177	147	148	179	209	208
326	179	0	325	357	358	327	295	294	178	148	149	180	210	209
327	180	0	326	358	359	328	296	295	179	149	150	181	211	210
328	181	0	327	359	360	329	297	296	180	150	284	507	212	211
329	507	0	328	360	361	330	298	297	181	284	506	538	539	212
330	538	0	329	361	362	331	299	298	507	506	537	853	820	539
331	853	0	330	362	363	332	300	299	538	537	764	852	819	820
332	852	0	331	363	364	333	301	300	853	764	886	851	818	819
333	851	0	332	364	365	334	302	301	852	886	885	850	817	818
334	850	0	333	365	366	335	303	302	851	885	884	849	816	817
335	849	0	334	366	367	336	304	303	850	884	883	848	863	816
336	848	0	335	367	368	337	305	304	849	883	882	895	862	863
337	895	0	336	368	369	338	306	305	848	882	881	894	861	862
338	894	0	337	369	370	339	307	306	895	881	880	893	860	861
339	893	0	338	370	371	340	308	307	894	880	927	892	859	860
340	892	0	339	371	372	341	309	308	893	927	926	891	858	859
341	891	0	340	372	373	342	310	309	892	926	925	890	857	858
342	890	0	341	373	374	343	311	310	891	925	924	889	856	857
343	889	0	342	374	375	344	312	311	890	924	923	888	855	856
344	888	0	343	375	376	345	313	312	889	923	922	887	854	855
345	887	1	344	377	-1	-1	-1	313	888	921	-1	-1	-1	854
346	121	0	-1	378	379	347	315	314	-1	89	90	122	152	151
347	122	0	346	379	380	348	316	315	121	90	91	123	153	152
348	123	0	347	380	381	349	317	316	122	91	92	124	154	153
349	124	0	348	381	382	350	318	317	123	92	93	125	155	154
350	125	0	349	382	383	351	319	318	124	93	94	126	156	155
351	126	0	350	383	384	352	320	319	125	94	95	127	157	156
352	127	0	351	384	385	353	321	320	126	95	112	144	158	157
353	144	0	352	385	386	354	322	321	127	112	113	145	159	158
354	145	0	353	386	387	355	323	322	144	113	114	146	176	159
355	146	0	354	387	388	356	324	323	145	114	115	147	177	176
356	147	0	355	388	389	357	325	324	146	115	116	148	178	177
357	148	0	356	389	390	358	326	325	147	116	117	149	179	178
358	149	0	357	390	391	359	327	326	148	117	118	150	180	179
359	150	0	358	392	393	360	328	327	149	119	120	284	181	180
360	284	0	359	394	395	361	329	328	150	278	285	506	507	181
361	506	1	360	396	-1	362	-1	329	284	505	-1	537	-1	507
362	537	2	361	-1	397	363	330	-1	506	-1	536	764	538	-1
363	764	0	362	398	399	364	331	330	537	765	758	886	853	538
364	886	0	363	400	401	365	332	331	764	920	919	885	852	853
365	885	0	364	402	403	366	333	332	886	918	917	884	851	852
366	884	0	365	403	404	367	334	333	885	917	916	883	850	851
367	883	0	366	404	405	368	335	334	884	916	915	882	849	850
368	882	0	367	405	406	369	336	335	883	915	914	881	848	849
369	881	0	368	406	407	370	337	336	882	914	913	880	895	848
370	880	0	369	407	408	371	338	337	881	913	912	927	894	895
371	927	0	370	408	409	372	339	338	880	912	959	926	893	894
372	926	0	371	409	410	373	340	339	927	959	958	925	892	893
373	925	0	372	410	411	374	341	340	926	958	957	924	891	892
374	924	0	373	411	412	375	342	341	925	957	956	923	890	891
375	923	0	374	412	413	376	343	342	924	956	955	922	889	890
376	922	0	375	413	414	377	344	343	923	955	954	921	888	889
377	921	0	376	414	415	-1	345	344	922	954	953	-1	887	888
378	89	2	-1	-1	416	379	346	-1	-1	-1	57	90	121	-1
379	90	0	378	416	417	380	347	346	89	57	58	91	122	121
380	91	0	379	417	418	381	348	347	90	58	59	92	123	122
381	92	0	380	418	419	382	349	348	91	59	60	93	124	123
382	93	0	381	419	420	383	350	349	92	60	61	94	125	124
383	94	0	382	420	421	384	351	350	93	61	62	95	126	125
384	95	0	383	421	422	385	352	351	94	62	63	112	127	126
385	112	0	384	422	423	386	353	352	95	63	80	113	144	127
386	113	0	385	423	424	387	354	353	112	80	81	114	145	144
387	114	0	386	424	425	388	355	354	113	81	82	115	146	145
388	115	0	387	425	426	389	356	355	114	82	83	116	147	146
389	116	0	388	426	427	390	357	356	115	83	84	117	148	147
390	117	0	389	427	428	391	358	357	116	84	85	118	149	148
391	118	1	390	-1	429	392	358	-1	117	-1	86	119	149	-1
392	119	2	391	430	-1	393	-1	358	118	87	-1	120	-1	149
393	120	1	392	-1	431	394	359	-1	119	-1	88	278	150	-1
394	278	2	393	432	-1	395	-1	359	120	277	-1	285	-1	150
395	285	1	394	-1	433	396	360	-1	278	-1	286	505	284	-1
396	505	2	395	434	-1	397	-1	361	285	504	-1	536	-1	506
397	536	1	396	-1	435	398	362	-1	505	-1	535	765	537	-1
398	765	2	397	436	-1	399	-1	362	536	766	-1	758	-1	537
399	758	1	398	-1	437	400	363	-1	765	-1	757	920	764	-1
400	920	2	399	438	-1	401	-1	363	758	952	-1	919	-1	764
401	919	1	400	-1	439	402	364	-1	920	-1	951	918	886	-1
402	918	2	401	440	441	403	365	364	919	950	949	917	885	886
403	917	0	402	441	442	404	366	364	918	949	948	916	884	886
404	916	0	403	442	443	405	367	364	917	948	947	915	883	886
405	915	0	404	443	444	406	368	364	916	947	946	914	882	886
406	914	0	405	444	445	407	369	364	915	946	945	913	881	886
407	913	0	406	445	446	408	370	364	914	945	944	912	880	886
408	912	0	407	446	447	409	371	364	913	944	991	959	927	886
409	959	0	408	447	448	410	372	364	912	991	990	958	926	886
410	958	0	409	448	449	411	373	364	959	990	989	957	925	886
411	957	0	410	449	450	412	374	364	958	989	988	956	924	886
412	956	0	411	450	451	413	375	364	957	988	987	955	923	886
413	955	0	412	451	452	414	376	364	956	987	986	954	922	886
414	954	0	413	452	453	415	377	376	955	986	985	953	921	922
415	953	1	414	453	-1	-1	-1	377	954	985	-1	-1	-1	921
416	57	0	-1	454	455	417	379	378	-1	24	25	58	90	89
417	58	0	416	455	456	418	380	379	57	25	26	59	91	90
418	59	0	417	456	457	419	381	380	58	26	27	60	92	91
419	60	0	418	457	458	420	382	381	59	27	28	61	93	92
420	61	0	419	458	459	421	383	382	60	28	29	62	94	93
421	62	0	420	459	460	422	384	383	61	29	30	63	95	94
422	63	0	421	460	461	423	385	384	62	30	31	80	112	95
423	80	0	422	461	462	424	386	385	63	31	48	81	113	112
424	81	0	423	462	463	425	387	386	80	48	49	82	114	113
425	82	0	424	463	464	426	388	387	81	49	50	83	115	114
426	83	0	425	464	465	427	389	388	82	50	51	84	116	115
427	84	0	426	466	-1	428	-1	389	83	52	-1	85	-1	116
428	85	1	427	-1	467	429	390	-1	84	-1	53	86	117	-1
429	86	2	428	468	-1	430	-1	391	85	54	-1	87	-1	118
430	87	1	429	-1	469	431	392	-1	86	-1	55	88	119	-1
431	88	2	430	470	-1	432	-1	393	87	56	-1	277	-1	120
432	277	1	431	-1	471	433	394	-1	88	-1	276	286	278	-1
433	286	2	432	472	-1	434	-1	395	277	287	-1	504	-1	285
434	504	1	433	-1	473	435	396	-1	286	-1	503	535	505	-1
435	535	2	434	474	-1	436	-1	397	504	534	-1	766	-1	536
436	766	1	435	-1	475	437	398	-1	535	-1	767	757	765	-1
437	757	2	436	476	-1	438	-1	399	766	756	-1	952	-1	758
438	952	1	437	-1	477	439	400	-1	757	-1	984	951	920	-1
439	951	2	438	478	-1	440	-1	401	952	983	-1	950	-1	919
440	950	1	439	-1	479	441	402	-1	951	-1	982	949	918	-1
441	949	2	440	480	481	442	403	402	950	981	980	948	917	918
442	948	0	441	481	482	443	404	403	949	980	979	947	916	917
443	947	0	442	482	483	444	405	404	948	979	978	946	915	916
444	946	0	443	483	484	445	406	405	947	978	977	945	914	915
445	945	0	444	484	485	446	407	406	946	977	976	944	913	914
446	944	0	445	485	486	447	408	407	945	976	1023	991	912	913
447	991	0	446	486	487	448	409	408	944	1023	1022	990	959	912
448	990	0	447	487	488	449	410	409	991	1022	1021	989	958	959
449	989	0	448	488	489	450	411	410	990	1021	1020	988	957	958
450	988	0	449	489	490	451	412	411	989	1020	1019	987	956	957
451	987	0	450	490	491	452	413	412	988	1019	1018	986	955	956
452	986	0	451	491	492	453	414	413	987	1018	1017	985	954	955
453	985	0	452	492	493	-1	415	414	986	1017	1016	-1	953	954
454	24	2	-1	-1	494	455	416	-1	-1	-1	16	25	57	-1
455	25	0	454	494	495	456	417	416	24	16	17	26	58	57
456	26	0	455	495	496	457	418	417	25	17	18	27	59	58
457	27	0	456	496	497	458	419	418	26	18	19	28	60	59
458	28	0	457	497	498	459	420	419	27	19	20	29	61	60
459	29	0	458	498	499	460	421	420	28	20	21	30	62	61
460	30	0	459	499	500	461	422	421	29	21	22	31	63	62
461	31	0	460	500	501	462	423	422	30	22	23	48	80	63
462	48	0	461	501	502	463	424	423	31	23	12	49	81	80
463	49	0	462	502	503	464	425	424	48	12	11	50	82	81
464	50	0	463	503	504	465	426	425	49	11	10	51	83	82
465	51	0	464	504	505	466	427	426	50	10	9	52	84	83
466	52	1	465	505	-1	467	-1	427	51	9	-1	53	-1	84
467	53	2	466	-1	506	468	428	-1	52	-1	8	54	85	-1
468	54	1	467	507	-1	469	-1	429	53	13	-1	55	-1	86
469	55	2	468	-1	508	470	430	-1	54	-1	14	56	87	-1
470	56	1	469	509	-1	471	-1	431	55	15	-1	276	-1	88
471	276	2	470	-1	510	472	432	-1	56	-1	275	287	277	-1
472	287	1	471	511	-1	473	-1	433	276	268	-1	503	-1	286
473	503	2	472	-1	512	474	434	-1	287	-1	502	534	504	-1
474	534	1	473	513	-1	475	-1	435	503	489	-1	767	-1	535
475	767	2	474	-1	514	476	436	-1	534	-1	748	756	766	-1
476	756	1	475	515	-1	477	-1	437	767	755	-1	984	-1	757
477	984	2	476	-1	516	478	438	-1	756	-1	1007	983	952	-1
478	983	1	477	517	-1	479	-1	439	984	1006	-1	982	-1	951
479	982	2	478	-1	518	480	440	-1	983	-1	1005	981	950	-1
480	981	1	479	519	-1	481	-1	441	982	1000	-1	980	-1	949
481	980	2	480	-1	520	482	442	-1	981	-1	1001	979	948	-1
482	979	0	481	520	521	483	443	442	980	1001	1002	978	947	948
483	978	0	482	521	522	484	444	443	979	1002	1003	977	946	947
484	977	0	483	522	523	485	445	444	978	1003	1004	976	945	946
485	976	0	484	523	524	486	446	445	977	1004	1015	1023	944	945
486	1023	0	485	524	525	487	447	446	976	1015	1014	1022	991	944
487	1022	0	486	525	526	488	448	447	1023	1014	1013	1021	990	991
488	1021	0	487	526	527	489	449	448	1022	1013	1012	1020	989	990
489	1020	0	488	527	528	490	450	449	1021	1012	1011	1019	988	989
490	1019	0	489	528	529	491	451	450	1020	1011	1010	1018	987	988
491	1018	0	490	529	530	492	452	451	1019	1010	1009	1017	986	987
492	1017	0	491	530	531	493	453	452	1018	1009	1008	1016	985	986
493	1016	1	492	531	-1	-1	-1	453	1017	1008	-1	-1	-1	985
494	16	0	-1	532	533	495	455	454	-1	7	6	17	25	24
495	17	0	494	533	534	496	456	455	16	6	5	18	26	25
496	18	0	495	534	535	497	457	456	17	5	4	19	27	26
497	19	0	496	535	536	498	458	457	18	4	3	20	28	27
498	20	0	497	536	537	499	459	458	19	3	2	21	29	28
499	21	0	498	537	538	500	460	459	20	2	1	22	30	29
500	22	0	499	538	539	501	461	460	21	1	0	23	31	30
501	23	0	500	539	540	502	462	461	22	0	47	12	48	31
502	12	0	501	540	541	503	463	462	23	47	46	11	49	48
503	11	0	502	541	542	504	464	463	12	46	45	10	50	49
504	10	0	503	542	543	505	465	464	11	45	44	9	51	50
505	9	0	504	543	544	506	466	465	10	44	43	8	52	51
506	8	1	505	545	-1	507	-1	467	9	42	-1	13	-1	53
507	13	2	506	-1	546	508	468	-1	8	-1	41	14	54	-1
508	14	1	507	547	-1	509	-1	469	13	40	-1	15	-1	55
509	15	2	508	-1	548	510	470	-1	14	-1	39	275	56	-1
510	275	1	509	549	-1	511	-1	471	15	267	-1	268	-1	276
511	268	2	510	-1	550	512	472	-1	275	-1	256	502	287	-1
512	502	1	511	551	-1	513	-1	473	268	488	-1	489	-1	503
513	489	2	512	-1	552	514	474	-1	502	-1	521	748	534	-1
514	748	1	513	553	-1	515	-1	475	489	736	-1	755	-1	767
515	755	2	514	-1	554	516	476	-1	748	-1	747	1007	756	-1
516	1007	1	515	555	-1	517	-1	477	755	967	-1	1006	-1	984
517	1006	2	516	-1	556	518	478	-1	1007	-1	968	1005	983	-1
518	1005	1	517	557	-1	519	-1	479	1006	969	-1	1000	-1	982
519	1000	2	518	-1	558	520	480	-1	1005	-1	970	1001	981	-1
520	1001	0	519	559	560	521	482	481	1000	971	972	1002	979	980
521	1002	0	520	560	561	522	483	482	1001	972	973	1003	978	979
522	1003	0	521	561	562	523	484	483	1002	973	974	1004	977	978
523	1004	0	522	562	563	524	485	484	1003	974	975	1015	976	977
524	1015	0	523	563	564	525	486	485	1004	975	992	1014	1023	976
525	1014	0	524	564	565	526	487	486	1015	992	993	1013	1022	1023
526	1013	0	525	565	566	527	488	487	1014	993	994	1012	1021	1022
527	1012	0	526	566	567	528	489	488	1013	994	995	1011	1020	1021
528	1011	0	527	567	568	529	490	489	1012	995	996	1010	1019	1020
529	1010	0	528	568	569	530	491	490	1011	996	997	1009	1018	1019
530	1009	0	529	569	570	531	492	491	1010	997	998	1008	1017	1018
531	1008	0	530	570	571	-1	493	492	1009	998	999	-1	1016	1017
532	7	2	-1	-1	572	533	494	-1	-1	-1	38	6	16	-1
533	6	0	532	572	573	534	495	494	7	38	37	5	17	16
534	5	0	533	573	574	535	496	495	6	37	36	4	18	17
535	4	0	534	574	575	536	497	496	5	36	35	3	19	18
536	3	0	535	575	576	537	498	497	4	35	34	2	20	19
537	2	0	536	576	577	538	499	498	3	34	33	1	21	20
538	1	0	537	577	578	539	500	499	2	33	32	0	22	21
539	0	0	538	578	579	540	501	500	1	32	79	47	23	22
540	47	0	539	579	580	541	502	501	0	79	78	46	12	23
541	46	0	540	580	581	542	503	502	47	78	77	45	11	12
542	45	0	541	581	582	543	504	503	46	77	76	44	10	11
543	44	0	542	582	583	544	505	504	45	76	75	43	9	10
544	43	1	543	583	-1	545	-1	505	44	75	-1	42	-1	9
545	42	2	544	-1	584	546	506	-1	43	-1	74	41	8	-1
546	41	1	545	585	-1	547	-1	507	42	73	-1	40	-1	13
547	40	2	546	-1	586	548	508	-1	41	-1	72	39	14	-1
548	39	1	547	587	-1	549	-1	509	40	71	-1	267	-1	15
549	267	2	548	-1	588	550	510	-1	39	-1	266	256	275	-1
550	256	1	549	589	-1	551	-1	511	267	257	-1	488	-1	268
551	488	2	550	-1	590	552	512	-1	256	-1	487	521	502	-1
552	521	1	551	591	-1	553	-1	513	488	520	-1	736	-1	489
553	736	2	552	-1	592	554	514	-1	521	-1	737	747	748	-1
554	747	1	553	593	-1	555	-1	515	736	746	-1	967	-1	755
555	967	2	554	-1	594	556	516	-1	747	-1	935	968	1007	-1
556	968	1	555	595	-1	557	-1	517	967	936	-1	969	-1	1006
557	969	2	556	-1	596	558	518	-1	968	-1	937	970	1005	-1
558	970	1	557	597	-1	559	-1	519	969	938	-1	971	-1	1000
559	971	2	558	-1	598	560	520	-1	970	-1	939	972	1001	-1
560	972	0	559	598	599	561	521	520	971	939	940	973	1002	1001
561	973	0	560	599	600	562	522	521	972	940	941	974	1003	1002
562	974	0	561	600	601	563	523	522	973	941	942	975	1004	1003
563	975	0	562	601	602	564	524	523	974	942	943	992	1015	1004
564	992	0	563	602	603	565	525	524	975	943	960	993	1014	1015
565	993	0	564	603	604	566	526	525	992	960	961	994	1013	1014
566	994	0	565	604	605	567	527	526	993	961	962	995	1012	1013
567	995	0	566	605	606	568	528	527	994	962	963	996	1011	1012
568	996	0	567	606	607	569	529	528	995	963	964	997	1010	1011
569	997	0	568	607	608	570	530	529	996	964	965	998	1009	1010
570	998	0	569	608	609	571	531	530	997	965	966	999	1008	1009
571	999	1	570	609	-1	-1	-1	531	998	966	-1	-1	-1	1008
572	38	0	-1	610	611	573	533	532	-1	70	69	37	6	7
573	37	0	572	611	612	574	534	533	38	69	68	36	5	6
574	36	0	573	612	613	575	535	534	37	68	67	35	4	5
575	35	0	574	613	614	576	536	535	36	67	66	34	3	4
576	34	0	575	614	615	577	537	536	35	66	65	33	2	3
577	33	0	576	615	616	578	538	537	34	65	64	32	1	2
578	32	0	577	616	617	579	539	538	33	64	111	79	0	1
579	79	0	578	617	618	580	540	539	32	111	110	78	47	0
580	78	0	579	618	619	581	541	540	79	110	109	77	46	47
581	77	0	580	619	620	582	542	541	78	109	108	76	45	46
582	76	0	581	620	621	583	543	542	77	108	107	75	44	45
583	75	0	582	621	622	584	544	543	76	107	106	74	43	44
584	74	1	583	622	-1	585	-1	545	75	106	-1	73	-1	42
585	73	2	584	-1	623	586	546	-1	74	-1	105	72	41	-1
586	72	1	585	624	-1	587	-1	547	73	104	-1	71	-1	40
587	71	2	586	-1	625	588	548	-1	72	-1	103	266	39	-1
588	266	1	587	626	-1	589	-1	549	71	265	-1	257	-1	267
589	257	2	588	-1	627	590	550	-1	266	-1	258	487	256	-1
590	487	1	589	628	-1	591	-1	551	257	486	-1	520	-1	488
591	520	2	590	-1	629	592	552	-1	487	-1	519	737	521	-1
592	737	1	591	630	-1	593	-1	553	520	738	-1	746	-1	736
593	746	2	592	-1	630	594	554	-1	737	-1	738	935	747	-1
594	935	1	593	632	-1	595	-1	555	746	903	-1	936	-1	967
595	936	2	594	-1	632	596	556	-1	935	-1	903	937	968	-1
596	937	1	595	634	-1	597	-1	557	936	905	-1	938	-1	969
597	938	2	596	-1	635	598	558	-1	937	-1	906	939	970	-1
598	939	0	597	635	636	599	560	559	938	906	907	940	972	971
599	940	0	598	636	637	600	561	560	939	907	908	941	973	972
600	941	0	599	637	638	601	562	561	940	908	909	942	974	973
601	942	0	600	638	639	602	563	562	941	909	910	943	975	974
602	943	0	601	639	640	603	564	563	942	910	911	960	992	975
603	960	0	602	640	641	604	565	564	943	911	928	961	993	992
604	961	0	603	641	642	605	566	565	960	928	929	962	994	993
605	962	0	604	642	643	606	567	566	961	929	930	963	995	994
606	963	0	605	643	644	607	568	567	962	930	931	964	996	995
607	964	0	606	644	645	608	569	568	963	931	932	965	997	996
608	965	0	607	645	646	609	570	569	964	932	933	966	998	997
609	966	0	608	646	647	-1	571	570	965	933	934	-1	999	998
610	70	2	-1	-1	648	611	572	-1	-1	-1	102	69	38	-1
611	69	0	610	648	649	612	573	572	70	102	101	68	37	38
612	68	0	611	649	650	613	574	573	69	101	100	67	36	37
613	67	0	612	650	651	614	575	574	68	100	99	66	35	36
614	66	0	613	651	652	615	576	575	67	99	98	65	34	35
615	65	0	614	652	653	616	577	576	66	98	97	64	33	34
616	64	0	615	653	654	617	578	577	65	97	96	111	32	33
617	111	0	616	654	655	618	579	578	64	96	143	110	79	32
618	110	0	617	655	656	619	580	579	111	143	142	109	78	79
619	109	0	618	656	657	620	581	580	110	142	141	108	77	78
620	108	0	619	657	658	621	582	581	109	141	140	107	76	77
621	107	0	620	658	659	622	583	582	108	140	139	106	75	76
622	106	0	621	659	660	623	584	583	107	139	138	105	74	75
623	105	1	622	660	-1	624	-1	585	106	138	-1	104	-1	73
624	104	2	623	-1	661	625	586	-1	105	-1	137	103	72	-1
625	103	1	624	661	-1	626	-1	587	104	137	-1	265	-1	71
626	265	2	625	-1	662	627	588	-1	103	-1	259	258	266	-1
627	258	1	626	662	-1	628	-1	589	265	259	-1	486	-1	257
628	486	2	627	-1	663	629	590	-1	258	-1	485	519	487	-1
629	519	1	628	664	-1	630	-1	591	486	518	-1	738	-1	520
630	738	2	629	-1	665	631	592	-1	519	-1	739	745	737	-1
631	745	1	630	665	-1	632	-1	593	738	739	-1	903	-1	746
632	903	2	631	-1	666	633	594	-1	745	-1	873	904	935	-1
633	904	1	632	666	-1	634	-1	595	903	873	-1	905	-1	936
634	905	2	633	-1	667	635	596	-1	904	-1	874	906	937	-1
635	906	0	634	667	668	636	598	597	905	874	875	907	939	938
636	907	0	635	668	669	637	599	598	906	875	876	908	940	939
637	908	0	636	669	670	638	600	599	907	876	877	909	941	940
638	909	0	637	670	671	639	601	600	908	877	878	910	942	941
639	910	0	638	671	672	640	602	601	909	878	879	911	943	942
640	911	0	639	672	673	641	603	602	910	879	896	928	960	943
641	928	0	640	673	674	642	604	603	911	896	897	929	961	960
642	929	0	641	674	675	643	605	604	928	897	898	930	962	961
643	930	0	642	675	676	644	606	605	929	898	899	931	963	962
644	931	0	643	676	677	645	607	606	930	899	900	932	964	963
645	932	0	644	677	678	646	608	607	931	900	901	933	965	964
646	933	0	645	678	679	647	609	608	932	901	902	934	966	965
647	934	1	646	679	-1	-1	-1	609	933	902	-1	-1	-1	966
648	102	0	-1	680	681	649	611	610	-1	136	135	101	69	70
649	101	0	648	681	682	650	612	611	102	135	134	100	68	69
650	100	0	649	682	683	651	613	612	101	134	133	99	67	68
651	99	0	650	683	684	652	614	613	100	133	132	98	66	67
652	98	0	651	684	685	653	615	614	99	132	131	97	65	66
653	97	0	652	685	686	654	616	615	98	131	130	96	64	65
654	96	0	653	686	687	655	617	616	97	130	129	143	111	64
655	143	0	654	687	688	656	618	617	96	129	128	142	110	111
656	142	0	655	688	689	657	619	618	143	128	175	141	109	110
657	141	0	656	689	690	658	620	619	142	175	174	140	108	109
658	140	0	657	690	691	659	621	620	141	174	173	139	107	108
659	139	0	658	691	692	660	622	621	140	173	172	138	106	107
660	138	0	659	692	693	661	623	622	139	172	171	137	105	106
661	137	0	660	693	694	662	625	624	138	171	170	259	103	104
662	259	0	661	694	695	663	627	626	137	170	484	485	258	265
663	485	1	662	695	-1	664	-1	628	259	484	-1	518	-1	486
664	518	2	663	-1	696	665	629	-1	485	-1	517	739	519	-1
665	739	0	664	696	697	666	631	630	518	517	842	873	745	738
666	873	0	665	697	698	667	633	632	739	842	843	874	904	903
667	874	0	666	698	699	668	635	634	873	843	844	875	906	905
668	875	0	667	699	700	669	636	635	874	844	845	876	907	906
669	876	0	668	700	701	670	637	636	875	845	846	877	908	907
670	877	0	669	701	702	671	638	637	876	846	847	878	909	908
671	878	0	670	702	703	672	639	638	877	847	864	879	910	909
672	879	0	671	703	704	673	640	639	878	864	865	896	911	910
673	896	0	672	704	705	674	641	640	879	865	866	897	928	911
674	897	0	673	705	706	675	642	641	896	866	867	898	929	928
675	898	0	674	706	707	676	643	642	897	867	868	899	930	929
676	899	0	675	707	708	677	644	643	898	868	869	900	931	930
677	900	0	676	708	709	678	645	644	899	869	870	901	932	931
678	901	0	677	709	710	679	646	645	900	870	871	902	933	932
679	902	0	678	710	711	-1	647	646	901	871	872	-1	934	933
680	136	2	-1	-1	712	681	648	-1	-1	-1	169	135	102	-1
681	135	0	680	712	713	682	649	648	136	169	168	134	101	102
682	134	0	681	713	714	683	650	649	135	168	167	133	100	101
683	133	0	682	714	715	684	651	650	134	167	166	132	99	100
684	132	0	683	715	716	685	652	651	133	166	165	131	98	99
685	131	0	684	716	717	686	653	652	132	165	164	130	97	98
686	130	0	685	717	718	687	654	653	131	164	163	129	96	97
687	129	0	686	718	719	688	655	654	130	163	162	128	143	96
688	128	0	687	719	720	689	656	655	129	162	161	175	142	143
689	175	0	688	720	721	690	657	656	128	161	160	174	141	142
690	174	0	689	721	722	691	658	657	175	160	207	173	140	141
691	173	0	690	722	723	692	659	658	174	207	206	172	139	140
692	172	0	691	723	724	693	660	659	173	206	205	171	138	139
693	171	0	692	724	725	694	661	660	172	205	204	170	137	138
694	170	0	693	725	726	695	662	661	171	204	203	484	259	137
695	484	0	694	726	727	696	663	662	170	203	516	517	485	259
696	517	0	695	727	728	697	665	664	484	516	811	842	739	518
697	842	0	696	728	729	698	666	665	517	811	812	843	873	739
698	843	0	697	729	730	699	667	666	842	812	813	844	874	873
699	844	0	698	730	731	700	668	667	843	813	814	845	875	874
700	845	0	699	731	732	701	669	668	844	814	815	846	876	875
701	846	0	700	732	733	702	670	669	845	815	832	847	877	876
702	847	0	701	733	734	703	671	670	846	832	833	864	878	877
703	864	0	702	734	735	704	672	671	847	833	834	865	879	878
704	865	0	703	735	736	705	673	672	864	834	835	866	896	879
705	866	0	704	736	737	706	674	673	865	835	836	867	897	896
706	867	0	705	737	738	707	675	674	866	836	837	868	898	897
707	868	0	706	738	739	708	676	675	867	837	838	869	899	898
708	869	0	707	739	740	709	677	676	868	838	839	870	900	899
709	870	0	708	740	741	710	678	677	869	839	840	871	901	900
710	871	0	709	741	742	711	679	678	870	840	841	872	902	901
711	872	1	710	742	-1	-1	-1	679	871	841	-1	-1	-1	902
712	169	0	-1	743	744	713	681	680	-1	202	201	168	135	136
713	168	0	712	744	745	714	682	681	169	201	200	167	134	135
714	167	0	713	745	746	715	683	682	168	200	199	166	133	134
715	166	0	714	746	747	716	684	683	167	199	198	165	132	133
716	165	0	715	747	748	717	685	684	166	198	197	164	131	132
717	164	0	716	748	749	718	686	685	165	197	196	163	130	131
718	163	0	717	749	750	719	687	686	164	196	195	162	129	130
719	162	0	718	750	751	720	688	687	163	195	194	161	128	129
720	161	0	719	751	752	721	689	688	162	194	193	160	175	128
721	160	0	720	752	753	722	690	689	161	193	192	207	174	175
722	207	0	721	753	754	723	691	690	160	192	239	206	173	174
723	206	0	722	754	755	724	692	691	207	239	238	205	172	173
724	205	0	723	755	756	725	693	692	206	238	237	204	171	172
725	204	0	724	756	757	726	694	693	205	237	236	203	170	171
726	203	0	725	757	758	727	695	694	204	236	483	516	484	170
727	516	0	726	758	759	728	696	695	203	483	515	811	517	484
728	811	0	727	759	760	729	697	696	516	515	780	812	842	517
729	812	0	728	760	761	730	698	697	811	780	781	813	843	842
730	813	0	729	761	762	731	699	698	812	781	782	814	844	843
731	814	0	730	762	763	732	700	699	813	782	783	815	845	844
732	815	0	731	763	764	733	701	700	814	783	800	832	846	845
733	832	0	732	764	765	734	702	701	815	800	801	833	847	846
734	833	0	733	765	766	735	703	702	832	801	802	834	864	847
735	834	0	734	766	767	736	704	703	833	802	803	835	865	864
736	835	0	735	767	768	737	705	704	834	803	804	836	866	865
737	836	0	736	768	769	738	706	705	835	804	805	837	867	866
738	837	0	737	769	770	739	707	706	836	805	806	838	868	867
739	838	0	738	770	771	740	708	707	837	806	807	839	869	868
740	839	0	739	771	772	741	709	708	838	807	808	840	870	869
741	840	0	740	772	773	742	710	709	839	808	809	841	871	870
742	841	0	741	773	774	-1	711	710	840	809	810	-1	872	871
743	202	2	-1	-1	775	744	712	-1	-1	-1	235	201	169	-1
744	201	0	743	775	776	745	713	712	202	235	234	200	168	169
745	200	0	744	776	777	746	714	713	201	234	233	199	167	168
746	199	0	745	777	778	747	715	714	200	233	232	198	166	167
747	198	0	746	778	779	748	716	715	199	232	231	197	165	166
748	197	0	747	779	780	749	717	716	198	231	230	196	164	165
749	196	0	748	780	781	750	718	717	197	230	229	195	163	164
750	195	0	749	781	782	751	719	718	196	229	228	194	162	163
751	194	0	750	782	783	752	720	719	195	228	227	193	161	162
752	193	0	751	783	784	753	721	720	194	227	226	192	160	161
753	192	0	752	784	785	754	722	721	193	226	225	239	207	160
754	239	0	753	785	786	755	723	722	192	225	224	238	206	207
755	238	0	754	786	787	756	724	723	239	224	271	237	205	206
756	237	0	755	787	788	757	725	724	238	271	270	236	204	205
757	236	0	756	788	789	758	726	725	237	270	269	483	203	204
758	483	0	757	789	790	759	727	726	236	269	514	515	516	203
759	515	0	758	790	791	760	728	727	483	514	749	780	811	516
760	780	0	759	791	792	761	729	728	515	749	750	781	812	811
761	781	0	760	792	793	762	730	729	780	750	751	782	813	812
762	782	0	761	793	794	763	731	730	781	751	768	783	814	813
763	783	0	762	794	795	764	732	731	782	768	769	800	815	814
764	800	0	763	795	796	765	733	732	783	769	770	801	832	815
765	801	0	764	796	797	766	734	733	800	770	771	802	833	832
766	802	0	765	797	798	767	735	734	801	771	772	803	834	833
767	803	0	766	798	799	768	736	735	802	772	773	804	835	834
768	804	0	767	799	800	769	737	736	803	773	774	805	836	835
769	805	0	768	800	801	770	738	737	804	774	775	806	837	836
770	806	0	769	801	802	771	739	738	805	775	776	807	838	837
771	807	0	770	802	803	772	740	739	806	776	777	808	839	838
772	808	0	771	803	804	773	741	740	807	777	778	809	840	839
773	809	0	772	804	805	774	742	741	808	778	779	810	841	840
774	810	1	773	805	-1	-1	-1	742	809	779	-1	-1	-1	841
775	235	0	-1	-1	806	776	744	743	-1	-1	264	234	201	202
776	234	0	775	806	807	777	745	744	235	264	263	233	200	201
777	233	0	776	807	808	778	746	745	234	263	262	232	199	200
778	232	0	777	808	809	779	747	746	233	262	261	231	198	199
779	231	0	778	809	810	780	748	747	232	261	260	230	197	198
780	230	0	779	810	811	781	749	748	231	260	303	229	196	197
781	229	0	780	811	812	782	750	749	230	303	302	228	195	196
782	228	0	781	812	813	783	751	750	229	302	301	227	194	195
783	227	0	782	813	814	784	752	751	228	301	300	226	193	194
784	226	0	783	814	815	785	753	752	227	300	299	225	192	193
785	225	0	784	815	816	786	754	753	226	299	298	224	239	192
786	224	0	785	816	817	787	755	754	225	298	297	271	238	239
787	271	0	786	817	818	788	756	755	224	297	296	270	237	238
788	270	0	787	818	819	789	757	756	271	296	295	269	236	237
789	269	0	788	819	820	790	758	757	270	295	294	514	483	236
790	514	0	789	820	821	791	759	758	269	294	710	749	515	483
791	749	0	790	821	822	792	760	759	514	710	711	750	780	515
792	750	0	791	822	823	793	761	760	749	711	712	751	781	780
793	751	0	792	823	824	794	762	761	750	712	713	768	782	781
794	768	0	793	824	825	795	763	762	751	713	714	769	783	782
795	769	0	794	825	826	796	764	763	768	714	715	770	800	783
796	770	0	795	826	827	797	765	764	769	715	716	771	801	800
797	771	0	796	827	828	798	766	765	770	716	717	772	802	801
798	772	0	797	828	829	799	767	766	771	717	718	773	803	802
799	773	0	798	829	830	800	768	767	772	718	719	774	804	803
800	774	0	799	830	831	801	769	768	773	719	740	775	805	804
801	775	0	800	831	832	802	770	769	774	740	741	776	806	805
802	776	0	801	832	833	803	771	770	775	741	742	777	807	806
803	777	0	802	833	834	804	772	771	776	742	743	778	808	807
804	778	0	803	834	835	805	773	772	777	743	744	779	809	808
805	779	0	804	835	-1	-1	774	773	778	744	-1	-1	810	809
806	264	9	-1	-1	836	807	776	775	-1	-1	293	263	234	235
807	263	0	806	836	837	808	777	776	264	293	292	262	233	234
808	262	0	807	837	838	809	778	777	263	292	291	261	232	233
809	261	0	808	838	839	810	779	778	262	291	290	260	231	232
810	260	0	809	839	840	811	780	779	261	290	289	303	230	231
811	303	0	810	840	841	812	781	780	260	289	288	302	229	230
812	302	0	811	841	842	813	782	781	303	288	335	301	228	229
813	301	0	812	842	843	814	783	782	302	335	334	300	227	228
814	300	0	813	843	844	815	784	783	301	334	333	299	226	227
815	299	0	814	844	845	816	785	784	300	333	332	298	225	226
816	298	0	815	845	846	817	786	785	299	332	331	297	224	225
817	297	0	816	846	847	818	787	786	298	331	330	296	271	224
818	296	0	817	847	848	819	788	787	297	330	329	295	270	271
819	295	0	818	848	849	820	789	788	296	329	328	294	269	270
820	294	0	819	849	850	821	790	789	295	328	513	710	514	269
821	710	0	820	850	851	822	791	790	294	513	680	711	749	514
822	711	0	821	851	852	823	792	791	710	680	681	712	750	749
823	712	0	822	852	853	824	793	792	711	681	682	713	751	750
824	713	0	823	853	854	825	794	793	712	682	683	714	768	751
825	714	0	824	854	855	826	795	794	713	683	684	715	769	768
826	715	0	825	855	856	827	796	795	714	684	685	716	770	769
827	716	0	826	856	857	828	797	796	715	685	686	717	771	770
828	717	0	827	857	858	829	798	797	716	686	687	718	772	771
829	718	0	828	858	859	830	799	798	717	687	704	719	773	772
830	719	0	829	859	860	831	800	799	718	704	705	740	774	773
831	740	0	830	860	861	832	801	800	719	705	706	741	775	774
832	741	0	831	861	862	833	802	801	740	706	707	742	776	775
833	742	0	832	862	863	834	803	802	741	707	708	743	777	776
834	743	0	833	863	864	835	804	803	742	708	709	744	778	777
835	744	11	834	864	-1	-1	805	804	743	709	-1	-1	779	778
836	293	9	-1	-1	865	837	807	806	-1	-1	327	292	263	264
837	292	0	836	865	866	838	808	807	293	327	326	291	262	263
838	291	0	837	866	867	839	809	808	292	326	325	290	261	262
839	290	0	838	867	868	840	810	809	291	325	324	289	260	261
840	289	0	839	868	869	841	811	810	290	324	323	288	303	260
841	288	0	840	869	870	842	812	811	289	323	322	335	302	303
842	335	0	841	870	871	843	813	812	288	322	321	334	301	302
843	334	0	842	871	872	844	814	813	335	321	320	333	300	301
844	333	0	843	872	873	845	815	814	334	320	367	332	299	300
845	332	0	844	873	874	846	816	815	333	367	366	331	298	299
846	331	0	845	874	875	847	817	816	332	366	365	330	297	298
847	330	0	846	875	876	848	818	817	331	365	364	329	296	297
848	329	0	847	876	877	849	819	818	330	364	363	328	295	296
849	328	0	848	877	878	850	820	819	329	363	362	513	294	295
850	513	0	849	878	879	851	821	820	328	362	650	680	710	294
851	680	0	850	879	880	852	822	821	513	650	651	681	711	710
852	681	0	851	880	881	853	823	822	680	651	652	682	712	711
853	682	0	852	881	882	854	824	823	681	652	653	683	713	712
854	683	0	853	882	883	855	825	824	682	653	654	684	714	713
855	684	0	854	883	884	856	826	825	683	654	655	685	715	714
856	685	0	855	884	885	857	827	826	684	655	672	686	716	715
857	686	0	856	885	886	858	828	827	685	672	673	687	717	716
858	687	0	857	886	887	859	829	828	686	673	674	704	718	717
859	704	0	858	887	888	860	830	829	687	674	675	705	719	718
860	705	0	859	888	889	861	831	830	704	675	676	706	740	719
861	706	0	860	889	890	862	832	831	705	676	677	707	741	740
862	707	0	861	890	891	863	833	832	706	677	678	708	742	741
863	708	0	862	891	892	864	834	833	707	678	679	709	743	742
864	709	11	863	892	-1	-1	835	834	708	679	-1	-1	744	743
865	327	0	-1	-1	893	866	837	836	-1	-1	361	326	292	293
866	326	0	865	893	894	867	838	837	327	361	360	325	291	292
867	325	0	866	894	895	868	839	838	326	360	359	324	290	291
868	324	0	867	895	896	869	840	839	325	359	358	323	289	290
869	323	0	868	896	897	870	841	840	324	358	357	322	288	289
870	322	0	869	897	898	871	842	841	323	357	356	321	335	288
871	321	0	870	898	899	872	843	842	322	356	355	320	334	335
872	320	0	871	899	900	873	844	843	321	355	354	367	333	334
873	367	0	872	900	901	874	845	844	320	354	353	366	332	333
874	366	0	873	901	902	875	846	845	367	353	352	365	331	332
875	365	0	874	902	903	876	847	846	366	352	399	364	330	331
876	364	0	875	903	904	877	848	847	365	399	398	363	329	330
877	363	0	876	904	905	878	849	848	364	398	397	362	328	329
878	362	0	877	905	906	879	850	849	363	397	512	650	513	328
879	650	0	878	906	907	880	851	850	362	512	621	651	680	513
880	651	0	879	907	908	881	852	851	650	621	622	652	681	680
881	652	0	880	908	909	882	853	852	651	622	623	653	682	681
882	653	0	881	909	910	883	854	853	652	623	640	654	683	682
883	654	0	882	910	911	884	855	854	653	640	641	655	684	683
884	655	0	883	911	912	885	856	855	654	641	642	672	685	684
885	672	0	884	912	913	886	857	856	655	642	643	673	686	685
886	673	0	885	913	914	887	858	857	672	643	644	674	687	686
887	674	0	886	914	915	888	859	858	673	644	645	675	704	687
888	675	0	887	915	916	889	860	859	674	645	646	676	705	704
889	676	0	888	916	917	890	861	860	675	646	647	677	706	705
890	677	0	889	917	918	891	862	861	676	647	648	678	707	706
891	678	0	890	918	919	892	863	862	677	648	649	679	708	707
892	679	0	891	919	-1	-1	864	863	678	649	-1	-1	709	708
893	361	4	-1	-1	-1	894	866	865	-1	-1	-1	360	326	327
894	360	0	893	-1	920	895	867	866	361	-1	396	359	325	326
895	359	0	894	920	921	896	868	867	360	396	395	358	324	325
896	358	0	895	921	922	897	869	868	359	395	394	357	323	324
897	357	0	896	922	923	898	870	869	358	394	393	356	322	323
898	356	0	897	923	924	899	871	870	357	393	392	355	321	322
899	355	0	898	924	925	900	872	871	356	392	391	354	320	321
900	354	0	899	925	926	901	873	872	355	391	390	353	367	320
901	353	0	900	926	927	902	874	873	354	390	389	352	366	367
902	352	0	901	927	928	903	875	874	353	389	388	399	365	366
903	399	0	902	928	929	904	876	875	352	388	387	398	364	365
904	398	0	903	929	930	905	877	876	399	387	386	397	363	364
905	397	0	904	930	931	906	878	877	398	386	385	512	362	363
906	512	0	905	931	932	907	879	878	397	385	609	621	650	362
907	621	0	906	932	933	908	880	879	512	609	610	622	651	650
908	622	0	907	933	934	909	881	880	621	610	611	623	652	651
909	623	0	908	934	935	910	882	881	622	611	612	640	653	652
910	640	0	909	935	936	911	883	882	623	612	613	641	654	653
911	641	0	910	936	937	912	884	883	640	613	614	642	655	654
912	642	0	911	937	938	913	885	884	641	614	615	643	672	655
913	643	0	912	938	939	914	886	885	642	615	616	644	673	672
914	644	0	913	939	940	915	887	886	643	616	617	645	674	673
915	645	0	914	940	941	916	888	887	644	617	618	646	675	674
916	646	0	915	941	942	917	889	888	645	618	619	647	676	675
917	647	0	916	942	943	918	890	889	646	619	620	648	677	676
918	648	0	917	943	-1	919	891	890	647	620	-1	649	678	677
919	649	5	918	-1	-1	-1	892	891	648	-1	-1	-1	679	678
920	396	4	-1	-1	-1	921	895	894	-1	-1	-1	395	359	360
921	395	0	920	-1	944	922	896	895	396	-1	384	394	358	359
922	394	0	921	944	945	923	897	896	395	384	431	393	357	358
923	393	0	922	945	946	924	898	897	394	431	430	392	356	357
924	392	0	923	946	947	925	899	898	393	430	429	391	355	356
925	391	0	924	947	948	926	900	899	392	429	428	390	354	355
926	390	0	925	948	949	927	901	900	391	428	427	389	353	354
927	389	0	926	949	950	928	902	901	390	427	426	388	352	353
928	388	0	927	950	951	929	903	902	389	426	425	387	399	352
929	387	0	928	951	952	930	904	903	388	425	424	386	398	399
930	386	0	929	952	953	931	905	904	387	424	423	385	397	398
931	385	0	930	953	954	932	906	905	386	423	482	609	512	397
932	609	0	931	954	955	933	907	906	385	482	583	610	621	512
933	610	0	932	955	956	934	908	907	609	583	584	611	622	621
934	611	0	933	956	957	935	909	908	610	584	585	612	623	622
935	612	0	934	957	958	936	910	909	611	585	586	613	640	623
936	613	0	935	958	959	937	911	910	612	586	587	614	641	640
937	614	0	936	959	960	938	912	911	613	587	588	615	642	641
938	615	0	937	960	961	939	913	912	614	588	589	616	643	642
939	616	0	938	961	962	940	914	913	615	589	590	617	644	643
940	617	0	939	962	963	941	915	914	616	590	591	618	645	644
941	618	0	940	963	964	942	916	915	617	591	608	619	646	645
942	619	0	941	964	-1	943	917	916	618	608	-1	620	647	646
943	620	5	942	-1	-1	-1	918	917	619	-1	-1	-1	648	647
944	384	4	-1	-1	-1	945	922	921	-1	-1	-1	431	394	395
945	431	0	944	-1	965	946	923	922	384	-1	422	430	393	394
946	430	0	945	965	966	947	924	923	431	422	421	429	392	393
947	429	0	946	966	967	948	925	924	430	421	420	428	391	392
948	428	0	947	967	968	949	926	925	429	420	419	427	390	391
949	427	0	948	968	969	950	927	926	428	419	418	426	389	390
950	426	0	949	969	970	951	928	927	427	418	417	425	388	389
951	425	0	950	970	971	952	929	928	426	417	416	424	387	388
952	424	0	951	971	972	953	930	929	425	416	463	423	386	387
953	423	0	952	972	973	954	931	930	424	463	462	482	385	386
954	482	0	953	973	974	955	932	931	423	462	558	583	609	385
955	583	0	954	974	975	956	933	932	482	558	559	584	610	609
956	584	0	955	975	976	957	934	933	583	559	576	585	611	610
957	585	0	956	976	977	958	935	934	584	576	577	586	612	611
958	586	0	957	977	978	959	936	935	585	577	578	587	613	612
959	587	0	958	978	979	960	937	936	586	578	579	588	614	613
960	588	0	959	979	980	961	938	937	587	579	580	589	615	614
961	589	0	960	980	981	962	939	938	588	580	581	590	616	615
962	590	0	961	981	982	963	940	939	589	581	582	591	617	616
963	591	0	962	982	-1	964	941	940	590	582	-1	608	618	617
964	608	5	963	-1	-1	-1	942	941	591	-1	-1	-1	619	618
965	422	4	-1	-1	-1	966	946	945	-1	-1	-1	421	430	431
966	421	0	965	-1	983	967	947	946	422	-1	461	420	429	430
967	420	0	966	983	984	968	948	947	421	461	460	419	428	429
968	419	0	967	984	985	969	949	948	420	460	459	418	427	428
969	418	0	968	985	986	970	950	949	419	459	458	417	426	427
970	417	0	969	986	987	971	951	950	418	458	457	416	425	426
971	416	0	970	987	988	972	952	951	417	457	456	463	424	425
972	463	0	971	988	989	973	953	952	416	456	455	462	423	424
973	462	0	972	989	990	974	954	953	463	455	481	558	482	423
974	558	0	973	990	991	975	955	954	462	481	551	559	583	482
975	559	0	974	991	992	976	956	955	558	551	552	576	584	583
976	576	0	975	992	993	977	957	956	559	552	553	577	585	584
977	577	0	976	993	994	978	958	957	576	553	554	578	586	585
978	578	0	977	994	995	979	959	958	577	554	555	579	587	586
979	579	0	978	995	996	980	960	959	578	555	556	580	588	587
980	580	0	979	996	997	981	961	960	579	556	557	581	589	588
981	581	0	980	997	-1	982	962	961	580	557	-1	582	590	589
982	582	5	981	-1	-1	-1	963	962	581	-1	-1	-1	591	590
983	461	4	-1	-1	-1	984	967	966	-1	-1	-1	460	420	421
984	460	0	983	-1	998	985	968	967	461	-1	454	459	419	420
985	459	0	984	998	999	986	969	968	460	454	453	458	418	419
986	458	0	985	999	1000	987	970	969	459	453	452	457	417	418
987	457	0	986	1000	1001	988	971	970	458	452	451	456	416	417
988	456	0	987	1001	1002	989	972	971	457	451	450	455	463	416
989	455	0	988	1002	1003	990	973	972	456	450	449	481	462	463
990	481	0	989	1003	1004	991	974	973	455	449	545	551	558	462
991	551	0	990	1004	1005	992	975	974	481	545	546	552	559	558
992	552	0	991	1005	1006	993	976	975	551	546	547	553	576	559
993	553	0	992	1006	1007	994	977	976	552	547	548	554	577	576
994	554	0	993	1007	1008	995	978	977	553	548	549	555	578	577
995	555	0	994	1008	1009	996	979	978	554	549	550	556	579	578
996	556	0	995	1009	-1	997	980	979	555	550	-1	557	580	579
997	557	5	996	-1	-1	-1	981	980	556	-1	-1	-1	581	580
998	454	4	-1	-1	-1	999	985	984	-1	-1	-1	453	459	460
999	453	0	998	-1	1010	1000	986	985	454	-1	448	452	458	459
1000	452	0	999	1010	1011	1001	987	986	453	448	495	451	457	458
1001	451	0	1000	1011	1012	1002	988	987	452	495	494	450	456	457
1002	450	0	1001	1012	1013	1003	989	988	451	494	493	449	455	456
1003	449	0	1002	1013	1014	1004	990	989	450	493	480	545	481	455
1004	545	0	1003	1014	1015	1005	991	990	449	480	525	546	551	481
1005	546	0	1004	1015	1016	1006	992	991	545	525	526	547	552	551
1006	547	0	1005	1016	1017	1007	993	992	546	526	527	548	553	552
1007	548	0	1006	1017	1018	1008	994	993	547	527	544	549	554	553
1008	549	0	1007	1018	-1	1009	995	994	548	544	-1	550	555	554
1009	550	5	1008	-1	-1	-1	996	995	549	-1	-1	-1	556	555
1010	448	4	-1	-1	-1	1011	1000	999	-1	-1	-1	495	452	453
1011	495	0	1010	-1	1019	1012	1001	1000	448	-1	492	494	451	452
1012	494	0	1011	1019	1020	1013	1002	1001	495	492	491	493	450	451
1013	493	0	1012	1020	1021	1014	1003	1002	494	491	490	480	449	450
1014	480	0	1013	1021	1022	1015	1004	1003	493	490	522	525	545	449
1015	525	0	1014	1022	1023	1016	1005	1004	480	522	523	526	546	545
1016	526	0	1015	1023	1024	1017	1006	1005	525	523	524	527	547	546
1017	527	0	1016	1024	-1	1018	1007	1006	526	524	-1	544	548	547
1018	544	5	1017	-1	-1	-1	1008	1007	527	-1	-1	-1	549	548
1019	492	4	-1	-1	-1	1020	1012	1011	-1	-1	-1	491	494	495
1020	491	0	1019	-1	-1	1021	1013	1012	492	-1	-1	490	493	494
1021	490	10	1020	-1	-1	1022	1014	1013	491	-1	-1	522	480	493
1022	522	10	1021	-1	-1	1023	1015	1014	490	-1	-1	523	525	480
1023	523	0	1022	-1	-1	1024	1016	1015	522	-1	-1	524	526	525
1024	524	5	1023	-1	-1	-1	1017	1016	523	-1	-1	-1	527	526
